****************
*****Task 4*****
****************


Input 1 :10 CN3x3 7
Output 1 : 
['montezuma_castle', 0.7384028367818078, [[2976189, 4438568385], [6044975521, 4438568385], [6494673379, 7381767396]]]
['casa_batllo', 0.7661148135155033, [[2976189, 4264025324], [6044975521, 4264025324], [2976189, 3030571284]]]
['colosseum', 0.7730296261464363, [[2976220, 6158543528], [1807316072, 6158543528], [2976220, 5128345548]]]
['aztec_ruins', 0.7879205720910326, [[2976189, 4854719231], [2976199, 3238907655], [6045504436, 3238907655]]]
['acropolis_athens', 0.8003955646715641, [[2976189, 4476855160], [6044975521, 4476855160], [6045504436, 3965822399]]]
['chichen_itza', 0.8029996077194239, [[2976189, 4746366668], [2976199, 2392835042], [6044975521, 4746366668]]]
['casa_rosada', 0.8033238957652927, [[2976199, 12394813545], [2976189, 12394813545], [8556157095, 521704275]]]
Program Execution Time :  6.02418327331543

Input 2 :18 GLRLM 5
Output 2 : 
['casa_rosada', 23345.92808444117, [[4277641766, 4988734979], [2967980588, 4721559848], [3886492202, 5670289852]]]
['civic_center_san_francisco', 24447.171950326472, [[8326526816, 1850556281], [4277641766, 4791684371], [8933609163, 5138871926]]]
['ara_pacis', 24789.32135185494, [[8326529498, 7032421503], [2599119168, 3208070938], [4760025011, 7948871370]]]
['casa_batllo', 25014.470996114043, [[275686244, 4263278691], [4016840355, 4262615328], [8933608827, 5835305952]]]
['arc_de_triomphe', 25600.086757045, [[8933609163, 3579356292], [3162082976, 4650903186], [9527521558, 9042848062]]]
Program Execution Time :  2.456904888153076

Input 3 :30 LBP3x3 5
Output 3 :
['montezuma_castle', 0.012934615396583587, [[5129784432, 4439340094], [11497536, 3144840151], [5129784432, 4268081991]]]
['chichen_itza', 0.014199145390257035, [[5129784432, 2778877037], [72866324, 5612267858], [5129784432, 5612267858]]]
['ara_pacis', 0.01449793293409464, [[72866324, 7996662243], [72865178, 7996662243], [72866324, 7754474014]]]
['aztec_ruins', 0.01483723249373883, [[5129784432, 5394159515], [7698257, 3239781062], [2461005599, 4636247391]]]
['arc_de_triomphe', 0.014929124420496976, [[5129784432, 4650183745], [7698254, 3161412996], [5118494471, 8373991722]]]
Program Execution Time :  4.330877780914307